1452111857 0
1452113138 175
1452113593 176
1452119443 176
1452119513 177
1452119651 177
1452119891 194
1452119987 194
1452168905 216
1452169642 216
1452185752 416
1452186626 420
1452188104 416
1452188208 399
1452188449 399
1452276993 405
1452277157 491
1452277189 664
1452277241 589
1452277270 627
1452277519 629
1452277742 630
1452277975 630
1452278722 630
1452359483 662
1452359549 662
1452359625 668
1452359684 671
1452370417 684
1452370454 692
1452370482 693
1452370518 694
1452370555 754
1452871110 957
1452871989 957
1452962325 957
1452962357 961
1452962380 961
1452962403 961
1452962431 961
1452962473 999
1452962497 1014
1452962546 1028
1453040906 1031
1453042005 1032
1453042037 1042
1453059011 1045
1453059041 1043
1453059086 1101
1453059182 1103
1453216613 1411
1453733150 1411
1453811201 1411
1453812605 1609
1453815273 1935
1453815997 1938
1453845261 1942
1453923677 2310
1453928023 2310
1453936919 2481
1453937068 2482
1453938030 2490
1453938123 2482
1453972273 2482
1453976426 2486
1453976476 2485
1453977893 2489
1453978173 2489
1453999709 2489
1453999822 2489
1454051347 2489
1454051523 2559
1454052277 2559
1454067612 2559
1454067637 2571
1454067867 2571
1454069383 2571
1454074915 3620
1454076884 3646
1454078439 3642
1454312968 3651
1454313006 3651
1454314959 3664
1454341140 3665
1454402269 3654
1454405898 3652
1454417149 3658
1454423427 3709
1454423521 3709
1454423848 3715
1454423877 3715
1454426356 3711
1454427505 3712
1454429618 3721
1454429698 3721
1454444549 3737
1454591823 3733
1454601600 3734
1454601621 3745
1454601647 3761
1454601663 3765
1454601685 3769
1454601722 3769
1454601756 3833
1454601830 3833
1454617659 3839
1454617690 3847
1454617714 3847
1454617731 3849
1454618119 3875
1454639220 3878
1454639709 3859
1454768172 3859
1454797716 3876
1454854828 3876
1454854990 3876
1454855294 3876
1454855418 3876
1454855568 3876
1454976139 3898
1455015501 4020
1455016852 4012
1455017442 4028
1455017462 4026
1455027379 4021
1455027398 4022
1455027420 4054
1455027436 4054
1455047726 4083
1455047746 4089
1455047763 4089
1455047780 4095
1455058070 4101
1455058089 4119
1455195617 4118
1455195635 4122
1455195671 4142
1455200047 4088
1455200140 4086
1455200174 4083
1455200208 4086
1455200237 4277
1455319983 4278
1455319997 4278
1455320013 4375
1455320038 4420
1455320061 4396
1455320080 4404
1455320117 4404
1455320139 4465
1455320164 4549
1455320334 5010
1455321254 4549
1455369839 4549
1455369869 4556
1455370096 4631
1455370262 4631
1455370544 4631
1455387108 4634
1455387144 4635
1455387174 4635
1455387189 4636
1455387210 4651
1455387233 4666
1455547444 4666
1455557518 4674
1455618286 4665
1455618307 4665
1455620554 4730
1455620601 4785
1455629029 4840
1455629277 4877
1455630613 4894
1455630711 4920
1455630792 4920
1455636736 4966
1455638007 4978
1455638022 4978
1455638602 4980
1455639272 4983
1455641973 5018
1455642009 5035
1455712542 5037
1455791354 5037
1455793109 5037
1455806587 5037
1455806679 5037
1455807165 5194
1455809647 5194
1455811368 5279
1455812700 5279
1455815038 5381
1455835188 5542
1455866720 5492
1455868255 5492
1455871272 5508
1455871330 5508
1455871366 5508
1455875648 5508
1456067531 5565
1456073143 5519
1456078877 5541
1456082929 5539
1456082949 5358
1456161770 5320
1456161784 5217
1456161883 5260
1456161915 5375
1456232743 5375
1456232777 5375
1456232802 5392
1456232834 5444
1456232855 5533
1456245137 5533
1456245151 5537
1456245168 5541
1456245183 5482
1456331453 5482
1456331473 5480
1456331509 5482
1456331545 5657
1457082339 2743
1457083052 2743
1457176959 2743
1457178459 2743
1457178622 2743
1457179084 2739
1457180219 2746
1457181275 2820
1457181360 2823
1457181679 2829
1457181790 2833
1457189586 2802
1457470605 2802
1457474199 2823
1457529040 5670
1457529150 5668
1457710904 5683
1457710957 5707
1457711336 5707
1457711402 5707
1457711474 5707
1457711537 5704
1457724336 5704
1457724389 5915
1457724415 6028
1457724819 5534
1457724859 5532
1457728904 5532
1457728922 5528
1457728979 5442
1457729018 5442
1457729876 5482
1457743871 5486
1457743889 5487
1457743910 5487
1457743930 5490
1457743979 5500
1457744007 5488
1457744023 5488
1457776666 5503
1457780014 5589
1457783763 5608
1457801856 5594
1457801886 5831
1457803014 5833
1457803176 5835
1457865966 5839
1457892743 5954
1457893875 5954
1457895495 5994
1457895933 6007
1457897020 6007
1457951683 6007
1457951735 6007
1458159237 6363
1458159736 6415
1458208206 6415
1458233773 6566
1458483399 6565
1458485496 6587
1458486884 6602
1458486991 9896
1458487089 9898
1458487373 9886
1458488602 9936
1458492546 9972
1458492574 10257
1458493259 10216
1458493842 10199
1458548489 10218
1458602292 10864
1458637835 10791
1458641057 10820
1458641099 10842
1458641135 10844
1458643886 10869
1458663112 10909
1458663149 10869
1458761853 10881
1458761920 10877
1458762523 10873
1458762551 10879
1458769283 10878
1458769324 10886
1458769346 10887
1458769383 10889
1458769488 10907
1458769511 10903
1458769554 10902
1458769570 10930
1458853559 11008
1458853700 11008
1458903417 11023
1458913126 10665
1458913185 10670
1458945228 10670
1458945289 10642
1458946312 10648
1458946351 10655
1458946482 10657
1458946589 10656
1458999022 10970
1458999064 10982
1458999207 9833
1458999943 9833
1459000485 9833
1459000795 9836
1459003153 9841
1459003810 9846
1459012032 9846
1459012058 9846
1459013822 9872
1459026659 9889
1459026705 9898
1459026731 9902
1459026753 10068
1459026777 10068
1459026802 10067
1459082322 9808
1459082433 9833
1459082487 9833
1459082513 9833
1459082546 10396
1459112783 10396
1459112904 10465
1459266744 10623
1459268632 10912
1459268782 12053
1459325252 12076
1459357670 12740
1459357876 12763
1459437198 12778
1459441185 12778
1459513036 12778
1459513720 12617
1459515676 12617
1459515887 12616
1459516900 11550
1459518949 11550
1459522512 11611
1459522549 11615
1459522604 11616
1459522643 11623
1459522678 11624
1459522721 11624
1459522745 11629
1459522813 11670
1459522838 11672
1459522884 11677
1459522915 11677
1459538563 12480
1459538591 12494
1459538618 12494
1459547240 12493
1459547266 12493
1459547317 12498
1459547351 12501
1459547386 12504
1459547405 12502
1459547423 12510
1459547447 12512
1459547460 12516
1459547488 12527
1459547574 12418
1459548655 19553
1459593229 19502
1459593251 19507
1459593286 19534
1459593359 19541
1459594051 19386
1459595099 19395
1459595300 19395
1459595487 19399
1459595660 19399
1459595844 19398
1459596197 19399
1459596262 19397
1459596445 19399
1459597321 19392
1459625885 19394
1459625922 19394
1459704044 20172
1459711057 21236
1459782714 21444
1459900728 22232
1459901564 24820
